File,Positive,Negative,Neutral,Compound,Sentiment
cv676_22202.txt,0.134,0.118,0.748,0.9738,positive
cv839_22807.txt,0.127,0.107,0.766,0.9467,positive
cv155_7845.txt,0.07,0.147,0.782,-0.9954,negative
cv465_23401.txt,0.137,0.092,0.771,0.9836,positive
cv398_17047.txt,0.069,0.061,0.87,0.7445,positive
cv206_15893.txt,0.133,0.071,0.797,0.9859,positive
cv037_19798.txt,0.11,0.049,0.841,0.9921,positive
cv279_19452.txt,0.127,0.097,0.776,0.9618,positive
cv646_16817.txt,0.083,0.096,0.821,-0.9334,negative
cv756_23676.txt,0.117,0.099,0.785,0.9668,positive
cv823_17055.txt,0.072,0.057,0.871,-0.0061,neutral
cv747_18189.txt,0.069,0.072,0.858,-0.6923,negative
cv258_5627.txt,0.103,0.065,0.832,0.9358,positive
cv948_25870.txt,0.096,0.073,0.831,0.979,positive
cv744_10091.txt,0.059,0.139,0.802,-0.9977,negative
cv754_7709.txt,0.101,0.094,0.804,0.7453,positive
cv838_25886.txt,0.144,0.119,0.737,0.9846,positive
cv131_11568.txt,0.113,0.092,0.795,0.9793,positive
cv401_13758.txt,0.105,0.104,0.791,0.6273,positive
cv523_18285.txt,0.081,0.055,0.864,0.9389,positive
cv073_23039.txt,0.092,0.099,0.809,-0.9188,negative
cv688_7884.txt,0.094,0.082,0.823,0.8992,positive
cv664_4264.txt,0.143,0.044,0.813,0.9937,positive
cv461_21124.txt,0.1,0.073,0.828,0.9646,positive
cv909_9973.txt,0.062,0.078,0.86,-0.7605,negative
cv939_11247.txt,0.128,0.08,0.793,0.9788,positive
cv368_11090.txt,0.044,0.115,0.841,-0.9981,negative
cv185_28372.txt,0.145,0.08,0.775,0.9922,positive
cv749_18960.txt,0.065,0.133,0.803,-0.9976,negative
cv836_14311.txt,0.08,0.093,0.826,-0.8216,negative
cv322_21820.txt,0.12,0.142,0.738,-0.9593,negative
cv789_12991.txt,0.128,0.081,0.791,0.99,positive
cv617_9561.txt,0.114,0.093,0.793,0.9651,positive
cv288_20212.txt,0.078,0.071,0.851,0.5757,positive
cv464_17076.txt,0.111,0.111,0.778,-0.7326,negative
cv904_25663.txt,0.041,0.17,0.789,-0.9897,negative
cv866_29447.txt,0.091,0.082,0.827,0.8963,positive
cv429_7937.txt,0.096,0.079,0.825,0.8852,positive
cv212_10054.txt,0.095,0.158,0.747,-0.9961,negative
cv007_4992.txt,0.155,0.13,0.715,0.9709,positive
cv522_5418.txt,0.052,0.11,0.837,-0.9821,negative
cv109_22599.txt,0.059,0.082,0.859,-0.962,negative
cv753_11812.txt,0.053,0.104,0.843,-0.9949,negative
cv312_29308.txt,0.082,0.093,0.825,-0.84,negative
cv294_12695.txt,0.069,0.113,0.818,-0.8721,negative
cv886_19210.txt,0.181,0.094,0.725,0.9969,positive
cv479_5450.txt,0.119,0.09,0.791,0.9757,positive
cv867_18362.txt,0.115,0.072,0.813,0.9921,positive
cv260_15652.txt,0.104,0.06,0.837,0.9889,positive
cv313_19337.txt,0.108,0.115,0.777,-0.4628,negative
cv317_25111.txt,0.098,0.08,0.822,0.9587,positive
cv506_17521.txt,0.11,0.18,0.71,-0.3544,negative
cv602_8830.txt,0.088,0.053,0.859,0.9435,positive
cv710_23745.txt,0.064,0.064,0.873,0.2295,positive
cv971_11790.txt,0.113,0.084,0.802,0.9836,positive
cv098_17021.txt,0.1,0.136,0.764,-0.9605,negative
cv960_28877.txt,0.088,0.055,0.857,0.9775,positive
cv423_12089.txt,0.133,0.039,0.829,0.9989,positive
cv887_5306.txt,0.051,0.12,0.829,-0.9711,negative
cv291_26844.txt,0.115,0.107,0.778,0.4154,positive
cv049_21917.txt,0.077,0.062,0.861,0.7542,positive
cv382_8393.txt,0.094,0.12,0.786,-0.9111,negative
cv915_9342.txt,0.094,0.149,0.757,-0.9946,negative
cv217_28707.txt,0.098,0.104,0.798,-0.4838,negative
cv729_10475.txt,0.169,0.086,0.746,0.9977,positive
cv862_15924.txt,0.112,0.074,0.814,0.9884,positive
cv034_29446.txt,0.05,0.142,0.809,-0.9961,negative
cv560_18608.txt,0.166,0.108,0.727,0.9957,positive
cv684_12727.txt,0.126,0.121,0.753,0.0567,positive
cv627_12603.txt,0.046,0.084,0.87,-0.9532,negative
cv498_9288.txt,0.12,0.155,0.724,-0.954,negative
cv044_18429.txt,0.13,0.089,0.781,0.9874,positive
cv359_6751.txt,0.136,0.087,0.777,0.997,positive
cv537_13516.txt,0.101,0.09,0.809,0.9154,positive
cv089_12222.txt,0.13,0.088,0.782,0.9847,positive
cv784_16077.txt,0.127,0.087,0.785,0.9942,positive
cv801_26335.txt,0.125,0.07,0.805,0.9649,positive
cv692_17026.txt,0.134,0.054,0.812,0.9954,positive
cv531_26838.txt,0.12,0.112,0.768,0.5926,positive
cv913_29127.txt,0.105,0.058,0.836,0.9666,positive
cv319_16459.txt,0.12,0.067,0.812,0.9849,positive
cv377_8440.txt,0.044,0.139,0.817,-0.9773,negative
cv943_23547.txt,0.041,0.203,0.756,-0.9989,negative
cv691_5090.txt,0.094,0.102,0.804,-0.9451,negative
cv604_23339.txt,0.159,0.06,0.781,0.9961,positive
cv327_21743.txt,0.147,0.093,0.76,0.993,positive
cv718_12227.txt,0.132,0.11,0.758,0.9726,positive
cv686_15553.txt,0.121,0.065,0.814,0.9946,positive
cv195_16146.txt,0.092,0.078,0.829,0.7623,positive
cv170_29808.txt,0.075,0.109,0.816,-0.9897,negative
cv254_5870.txt,0.065,0.075,0.86,-0.8706,negative
cv435_24355.txt,0.133,0.067,0.8,0.8807,positive
cv184_26935.txt,0.072,0.082,0.846,-0.6428,negative
cv388_12810.txt,0.086,0.107,0.807,-0.9105,negative
cv835_20531.txt,0.072,0.098,0.83,-0.9542,negative
cv541_28683.txt,0.072,0.147,0.781,-0.9914,negative
cv609_25038.txt,0.081,0.082,0.837,0.795,positive
cv708_28539.txt,0.074,0.1,0.826,-0.93,negative
cv386_10229.txt,0.108,0.115,0.777,-0.7309,negative
cv392_12238.txt,0.13,0.128,0.742,0.6822,positive
cv822_21545.txt,0.103,0.137,0.76,-0.9884,negative
cv758_9740.txt,0.103,0.113,0.784,-0.9153,negative
cv819_9567.txt,0.092,0.161,0.746,-0.9966,negative
cv704_17622.txt,0.078,0.059,0.863,0.9051,positive
cv458_9000.txt,0.103,0.108,0.789,0.4032,positive
cv679_28221.txt,0.1,0.071,0.829,0.8501,positive
cv097_26081.txt,0.127,0.096,0.777,0.9849,positive
cv740_13643.txt,0.101,0.104,0.795,-0.1452,negative
cv773_20264.txt,0.091,0.076,0.833,0.9044,positive
cv600_25043.txt,0.088,0.106,0.806,-0.7695,negative
cv416_12048.txt,0.095,0.1,0.805,-0.9418,negative
cv702_12371.txt,0.111,0.127,0.762,-0.9151,negative
cv527_10338.txt,0.116,0.091,0.792,0.9731,positive
cv055_8926.txt,0.062,0.072,0.866,-0.6349,negative
cv798_24779.txt,0.143,0.12,0.736,0.9599,positive
cv371_8197.txt,0.109,0.1,0.792,0.8798,positive
cv549_22771.txt,0.139,0.055,0.807,0.996,positive
cv283_11963.txt,0.123,0.067,0.811,0.9927,positive
cv430_18662.txt,0.089,0.087,0.824,-0.8043,negative
cv921_13988.txt,0.099,0.103,0.798,0.4718,positive
cv730_10729.txt,0.133,0.052,0.815,0.9984,positive
cv107_25639.txt,0.097,0.082,0.82,0.9916,positive
cv705_11973.txt,0.097,0.132,0.771,-0.9779,negative
cv421_9752.txt,0.082,0.072,0.846,0.647,positive
cv447_27334.txt,0.082,0.13,0.789,-0.9671,negative
cv739_12179.txt,0.074,0.156,0.77,-0.9947,negative
cv240_15948.txt,0.097,0.08,0.823,0.8796,positive
cv122_7891.txt,0.1,0.114,0.785,-0.979,negative
cv460_11723.txt,0.129,0.12,0.751,-0.1023,negative
cv893_26731.txt,0.077,0.137,0.785,-0.9993,negative
cv234_22123.txt,0.071,0.112,0.817,-0.9732,negative
cv803_8584.txt,0.144,0.099,0.757,0.994,positive
cv379_23167.txt,0.037,0.14,0.823,-0.9989,negative
cv198_19313.txt,0.089,0.089,0.821,0.4526,positive
cv556_16563.txt,0.14,0.047,0.813,0.9971,positive
cv632_9704.txt,0.109,0.13,0.761,-0.942,negative
cv853_29119.txt,0.077,0.082,0.841,-0.8437,negative
cv023_13847.txt,0.083,0.069,0.849,0.9043,positive
cv410_25624.txt,0.098,0.058,0.843,0.965,positive
cv490_18986.txt,0.107,0.107,0.787,-0.8049,negative
cv755_24881.txt,0.105,0.069,0.826,0.9927,positive
cv930_14949.txt,0.085,0.151,0.764,-0.9939,negative
cv645_17078.txt,0.116,0.092,0.792,0.9817,positive
cv497_27086.txt,0.13,0.146,0.725,-0.9675,negative
cv876_9633.txt,0.154,0.1,0.747,0.9956,positive
cv841_3367.txt,0.108,0.103,0.789,0.9081,positive
cv318_11146.txt,0.102,0.154,0.743,-0.9954,negative
cv189_24248.txt,0.099,0.114,0.787,-0.8474,negative
cv888_25678.txt,0.116,0.124,0.76,-0.8851,negative
cv210_9557.txt,0.09,0.086,0.824,-0.8855,negative
cv815_23466.txt,0.133,0.079,0.788,0.9983,positive
cv227_25406.txt,0.098,0.108,0.794,-0.9341,negative
cv748_14044.txt,0.187,0.092,0.721,0.9959,positive
cv667_19672.txt,0.089,0.096,0.815,-0.5789,negative
cv437_24070.txt,0.101,0.092,0.808,0.9205,positive
cv988_20168.txt,0.078,0.098,0.825,-0.9605,negative
cv027_26270.txt,0.091,0.136,0.773,-0.9981,negative
cv918_27080.txt,0.11,0.106,0.785,0.4699,positive
cv768_12709.txt,0.109,0.161,0.73,-0.9964,negative
cv036_18385.txt,0.134,0.097,0.77,0.7687,positive
cv938_10706.txt,0.074,0.124,0.802,-0.9886,negative
cv362_16985.txt,0.053,0.095,0.852,-0.9895,negative
cv849_17215.txt,0.084,0.112,0.804,-0.9866,negative
cv144_5010.txt,0.121,0.138,0.741,-0.9752,negative
cv320_9693.txt,0.136,0.059,0.805,0.9947,positive
cv492_19370.txt,0.113,0.076,0.811,0.9738,positive
cv112_12178.txt,0.089,0.09,0.822,-0.5948,negative
cv558_29376.txt,0.133,0.126,0.741,0.4213,positive
cv141_17179.txt,0.076,0.074,0.85,-0.7703,negative
cv168_7435.txt,0.144,0.109,0.747,0.9408,positive
cv944_15042.txt,0.084,0.09,0.826,-0.9229,negative
cv308_5079.txt,0.134,0.119,0.748,0.9483,positive
cv752_25330.txt,0.047,0.116,0.837,-0.9802,negative
cv356_26170.txt,0.134,0.113,0.753,0.9899,positive
cv738_10287.txt,0.118,0.07,0.812,0.991,positive
cv731_3968.txt,0.081,0.078,0.841,-0.8488,negative
cv519_16239.txt,0.157,0.083,0.76,0.9671,positive
cv847_20855.txt,0.155,0.095,0.75,0.9969,positive
cv687_22207.txt,0.149,0.094,0.756,0.9901,positive
cv854_18955.txt,0.063,0.096,0.841,-0.9147,negative
cv050_12128.txt,0.117,0.114,0.768,0.7182,positive
cv179_9533.txt,0.067,0.099,0.834,-0.969,negative
cv489_19046.txt,0.077,0.079,0.844,-0.9295,negative
cv127_16451.txt,0.087,0.103,0.81,-0.9087,negative
cv496_11185.txt,0.075,0.085,0.84,-0.7023,negative
cv614_11320.txt,0.146,0.12,0.734,0.9837,positive
cv140_7963.txt,0.127,0.097,0.776,0.9956,positive
cv987_7394.txt,0.08,0.119,0.801,-0.9924,negative
cv851_21895.txt,0.142,0.112,0.747,0.9114,positive
cv228_5644.txt,0.102,0.093,0.805,0.8385,positive
cv542_20359.txt,0.117,0.157,0.727,-0.9905,negative
cv225_29083.txt,0.119,0.172,0.709,-0.9958,negative
cv063_28852.txt,0.102,0.114,0.784,-0.8512,negative
cv341_25667.txt,0.15,0.122,0.728,0.9696,positive
cv563_18610.txt,0.16,0.069,0.771,0.9731,positive
cv022_14227.txt,0.088,0.112,0.801,-0.9736,negative
cv520_13297.txt,0.143,0.06,0.797,0.9957,positive
cv102_8306.txt,0.06,0.066,0.874,-0.6201,negative
cv150_14279.txt,0.057,0.061,0.882,0.5456,positive
cv858_20266.txt,0.141,0.167,0.692,-0.9795,negative
cv936_17473.txt,0.149,0.084,0.768,0.993,positive
cv762_15604.txt,0.107,0.075,0.818,0.9857,positive
cv891_6035.txt,0.1,0.075,0.825,0.9785,positive
cv445_26683.txt,0.099,0.071,0.829,0.9703,positive
cv946_20084.txt,0.103,0.074,0.823,0.9715,positive
cv507_9509.txt,0.115,0.095,0.79,0.961,positive
cv330_29675.txt,0.106,0.083,0.811,0.9377,positive
cv350_22139.txt,0.104,0.131,0.765,-0.9631,negative
cv837_27232.txt,0.09,0.115,0.796,-0.9746,negative
cv347_14722.txt,0.1,0.079,0.821,0.353,positive
cv483_18103.txt,0.087,0.059,0.854,0.9358,positive
cv287_17410.txt,0.138,0.05,0.812,0.9948,positive
cv777_10247.txt,0.089,0.124,0.788,-0.987,negative
cv630_10152.txt,0.084,0.097,0.82,-0.9191,negative
cv975_11920.txt,0.084,0.087,0.829,-0.8713,negative
cv633_29730.txt,0.092,0.033,0.875,0.9843,positive
cv028_26964.txt,0.116,0.048,0.836,0.9931,positive
cv101_10537.txt,0.079,0.078,0.843,-0.6399,negative
cv171_15164.txt,0.044,0.123,0.833,-0.9804,negative
cv554_14678.txt,0.089,0.093,0.818,-0.5693,negative
cv963_7208.txt,0.136,0.125,0.739,0.8714,positive
cv775_17966.txt,0.126,0.079,0.795,0.9889,positive
cv564_12011.txt,0.125,0.064,0.811,0.9952,positive
cv448_16409.txt,0.085,0.05,0.865,0.8002,positive
cv681_9744.txt,0.098,0.135,0.767,-0.9905,negative
cv865_28796.txt,0.117,0.068,0.816,0.994,positive
cv770_11061.txt,0.102,0.148,0.75,-0.9956,negative
cv264_14108.txt,0.094,0.056,0.85,0.9938,positive
cv650_15974.txt,0.068,0.05,0.882,0.6174,positive
cv714_19704.txt,0.119,0.144,0.738,-0.9845,negative
cv607_8235.txt,0.081,0.084,0.835,-0.6606,negative
cv699_7773.txt,0.127,0.086,0.787,0.9816,positive
cv205_9676.txt,0.097,0.096,0.807,-0.5991,negative
cv297_10104.txt,0.127,0.114,0.759,0.7928,positive
cv491_12992.txt,0.148,0.151,0.701,-0.9184,negative
cv310_14568.txt,0.144,0.141,0.715,0.7901,positive
cv475_22978.txt,0.047,0.168,0.785,-0.9992,negative
cv824_9335.txt,0.061,0.096,0.843,-0.9231,negative
cv941_10718.txt,0.109,0.124,0.768,-0.9601,negative
cv965_26688.txt,0.118,0.112,0.77,0.5964,positive
cv176_14196.txt,0.107,0.063,0.83,0.9552,positive
cv349_15032.txt,0.135,0.109,0.756,0.9877,positive
cv612_5396.txt,0.087,0.08,0.834,-0.6388,negative
cv053_23117.txt,0.129,0.095,0.776,0.9922,positive
cv040_8829.txt,0.077,0.173,0.749,-0.9888,negative
cv370_5338.txt,0.113,0.094,0.792,0.9364,positive
cv203_19052.txt,0.119,0.079,0.802,0.9701,positive
cv623_16988.txt,0.105,0.143,0.752,-0.9986,negative
cv937_9816.txt,0.101,0.111,0.787,-0.7542,negative
cv394_5311.txt,0.089,0.098,0.812,-0.9465,negative
cv054_4101.txt,0.12,0.073,0.807,0.9873,positive
cv139_14236.txt,0.112,0.124,0.763,-0.9679,negative
cv134_23300.txt,0.118,0.146,0.736,-0.9909,negative
cv580_15681.txt,0.088,0.078,0.834,0.9074,positive
cv986_15092.txt,0.107,0.129,0.764,-0.9452,negative
cv611_2253.txt,0.124,0.111,0.765,-0.3957,negative
cv816_15257.txt,0.125,0.084,0.791,0.9882,positive
cv393_29234.txt,0.113,0.092,0.795,0.9262,positive
cv326_14777.txt,0.095,0.109,0.796,-0.7569,negative
cv302_26481.txt,0.147,0.13,0.723,0.9765,positive
cv010_29063.txt,0.145,0.084,0.77,0.9955,positive
cv415_23674.txt,0.163,0.101,0.736,0.9972,positive
cv932_14854.txt,0.091,0.081,0.829,0.8189,positive
cv003_12683.txt,0.12,0.131,0.748,-0.8144,negative
cv962_9813.txt,0.086,0.063,0.851,0.9061,positive
cv115_26443.txt,0.12,0.098,0.781,0.9672,positive
cv409_29625.txt,0.137,0.072,0.791,0.9933,positive
cv180_17823.txt,0.111,0.127,0.762,-0.8482,negative
cv502_10970.txt,0.112,0.083,0.805,0.9597,positive
cv615_15734.txt,0.059,0.102,0.839,-0.9901,negative
cv735_20218.txt,0.186,0.048,0.767,0.9991,positive
cv482_11233.txt,0.109,0.08,0.811,0.9749,positive
cv324_7502.txt,0.1,0.112,0.788,-0.7684,negative
cv926_18471.txt,0.118,0.094,0.788,0.9928,positive
cv844_13890.txt,0.074,0.083,0.843,-0.8609,negative
cv845_15886.txt,0.127,0.051,0.821,0.9967,positive
cv257_11856.txt,0.077,0.095,0.828,-0.9746,negative
cv335_16299.txt,0.126,0.089,0.785,0.9862,positive
cv634_11989.txt,0.109,0.051,0.84,0.993,positive
cv200_29006.txt,0.135,0.057,0.808,0.9994,positive
cv192_16079.txt,0.126,0.085,0.788,0.9932,positive
cv759_15091.txt,0.065,0.058,0.877,0.3336,positive
cv009_29417.txt,0.12,0.075,0.805,0.991,positive
cv123_12165.txt,0.083,0.108,0.809,-0.9774,negative
cv024_7033.txt,0.125,0.097,0.777,0.9886,positive
cv655_12055.txt,0.113,0.073,0.814,0.9734,positive
cv366_10709.txt,0.083,0.151,0.765,-0.9956,negative
cv208_9475.txt,0.077,0.074,0.849,0.7219,positive
cv931_18783.txt,0.065,0.061,0.874,-0.0933,negative
cv656_25395.txt,0.109,0.101,0.79,0.8499,positive
cv828_21392.txt,0.059,0.045,0.897,0.4961,positive
cv440_16891.txt,0.117,0.106,0.777,0.2289,positive
cv146_19587.txt,0.088,0.082,0.829,0.9056,positive
cv671_5164.txt,0.112,0.087,0.802,0.7334,positive
cv113_24354.txt,0.098,0.102,0.8,-0.8376,negative
cv501_12675.txt,0.094,0.11,0.796,-0.9764,negative
cv493_14135.txt,0.095,0.042,0.862,0.9798,positive
cv622_8583.txt,0.184,0.064,0.752,0.9992,positive
cv643_29282.txt,0.159,0.057,0.783,0.9983,positive
cv703_17948.txt,0.149,0.053,0.798,0.9964,positive
cv121_18621.txt,0.131,0.111,0.758,0.566,positive
cv378_21982.txt,0.188,0.13,0.682,0.997,positive
cv902_13217.txt,0.069,0.106,0.825,-0.9905,negative
cv162_10977.txt,0.099,0.117,0.784,-0.9485,negative
cv922_10185.txt,0.084,0.081,0.835,-0.1856,negative
cv105_19135.txt,0.131,0.07,0.799,0.9969,positive
cv006_17022.txt,0.069,0.098,0.833,-0.9724,negative
cv526_12868.txt,0.073,0.08,0.847,-0.9404,negative
cv390_12187.txt,0.157,0.057,0.786,0.9956,positive
cv885_13390.txt,0.114,0.098,0.788,0.6654,positive
cv778_18629.txt,0.168,0.099,0.733,0.9923,positive
cv535_21183.txt,0.112,0.112,0.776,0.5976,positive
cv088_25274.txt,0.09,0.025,0.885,0.9409,positive
cv128_29444.txt,0.053,0.094,0.853,-0.9623,negative
cv525_17930.txt,0.111,0.102,0.787,0.6765,positive
cv651_11120.txt,0.068,0.06,0.872,0.5552,positive
cv905_28965.txt,0.073,0.037,0.89,0.9643,positive
cv592_23391.txt,0.097,0.082,0.821,0.9562,positive
cv665_29386.txt,0.128,0.045,0.828,0.9867,positive
cv137_17020.txt,0.115,0.146,0.739,-0.981,negative
cv534_15683.txt,0.076,0.092,0.832,-0.9233,negative
cv295_17060.txt,0.127,0.125,0.748,-0.8276,negative
cv411_16799.txt,0.122,0.042,0.836,0.9913,positive
cv499_11407.txt,0.063,0.062,0.874,-0.8895,negative
cv782_21078.txt,0.07,0.125,0.805,-0.9933,negative
cv201_7421.txt,0.057,0.05,0.893,0.2982,positive
cv883_27621.txt,0.091,0.105,0.804,-0.9724,negative
cv292_7804.txt,0.101,0.139,0.76,-0.991,negative
cv282_6833.txt,0.069,0.077,0.853,-0.36,negative
cv065_16909.txt,0.112,0.098,0.79,0.9697,positive
cv776_21934.txt,0.087,0.057,0.856,0.9431,positive
cv487_11058.txt,0.145,0.046,0.81,0.9973,positive
cv969_14760.txt,0.126,0.059,0.815,0.9634,positive
cv964_5794.txt,0.125,0.042,0.833,0.9966,positive
cv925_9459.txt,0.097,0.09,0.812,-0.1092,negative
cv979_2029.txt,0.098,0.134,0.768,-0.9908,negative
cv553_26965.txt,0.123,0.135,0.742,-0.9152,negative
cv638_29394.txt,0.109,0.078,0.813,0.9799,positive
cv795_10291.txt,0.178,0.072,0.751,0.9976,positive
cv610_24153.txt,0.149,0.091,0.76,0.9944,positive
cv725_10266.txt,0.113,0.085,0.802,0.9807,positive
cv035_3343.txt,0.116,0.089,0.795,0.9763,positive
cv923_11951.txt,0.126,0.054,0.82,0.9968,positive
cv884_15230.txt,0.101,0.08,0.819,0.8446,positive
cv352_5414.txt,0.126,0.144,0.73,-0.9547,negative
cv025_29825.txt,0.125,0.08,0.795,0.9807,positive
cv426_10976.txt,0.091,0.125,0.785,-0.9859,negative
cv223_28923.txt,0.09,0.11,0.8,-0.988,negative
cv074_7188.txt,0.079,0.126,0.795,-0.9889,negative
cv467_26610.txt,0.102,0.072,0.826,0.9697,positive
cv114_19501.txt,0.064,0.038,0.898,0.7908,positive
cv038_9781.txt,0.076,0.141,0.783,-0.9956,negative
cv296_13146.txt,0.095,0.11,0.795,-0.8574,negative
cv514_12173.txt,0.147,0.082,0.771,0.9978,positive
cv790_16202.txt,0.071,0.117,0.813,-0.988,negative
cv015_29356.txt,0.064,0.062,0.875,-0.6645,negative
cv547_18043.txt,0.121,0.111,0.768,0.8864,positive
cv270_5873.txt,0.14,0.073,0.787,0.9518,positive
cv529_10972.txt,0.1,0.122,0.778,-0.973,negative
cv485_26879.txt,0.078,0.088,0.834,-0.7236,negative
cv736_24947.txt,0.06,0.163,0.777,-0.9993,negative
cv271_15364.txt,0.087,0.08,0.832,-0.0772,negative
cv289_6239.txt,0.087,0.043,0.87,0.9143,positive
cv344_5376.txt,0.074,0.077,0.849,0.4505,positive
cv745_14009.txt,0.08,0.083,0.837,-0.1286,negative
cv165_2389.txt,0.074,0.066,0.86,0.6322,positive
cv585_23576.txt,0.132,0.055,0.813,0.9953,positive
cv384_18536.txt,0.103,0.107,0.79,-0.4247,negative
cv763_16486.txt,0.075,0.098,0.826,-0.9456,negative
cv442_15499.txt,0.126,0.081,0.793,0.997,positive
cv033_25680.txt,0.196,0.091,0.712,0.9976,positive
cv933_24953.txt,0.129,0.109,0.762,0.9855,positive
cv641_13412.txt,0.08,0.073,0.847,0.9701,positive
cv216_20165.txt,0.114,0.068,0.818,0.9425,positive
cv601_24759.txt,0.16,0.14,0.701,0.9398,positive
cv572_20053.txt,0.077,0.135,0.788,-0.9944,negative
cv894_22140.txt,0.097,0.136,0.767,-0.9893,negative
cv618_9469.txt,0.122,0.086,0.792,0.9796,positive
cv376_20883.txt,0.107,0.155,0.738,-0.9912,negative
cv860_15520.txt,0.124,0.147,0.73,-0.9565,negative
cv914_2856.txt,0.093,0.127,0.781,-0.9744,negative
cv983_24219.txt,0.127,0.086,0.787,0.9585,positive
cv583_29465.txt,0.104,0.048,0.849,0.9559,positive
cv584_29549.txt,0.063,0.083,0.854,-0.7447,negative
cv166_11959.txt,0.137,0.147,0.717,-0.9636,negative
cv959_16218.txt,0.078,0.065,0.857,0.8995,positive
cv004_12641.txt,0.066,0.065,0.869,0.6594,positive
cv706_25883.txt,0.075,0.104,0.821,-0.9841,negative
cv579_12542.txt,0.089,0.087,0.824,0.627,positive
cv947_11316.txt,0.14,0.052,0.808,0.9907,positive
cv929_1841.txt,0.175,0.045,0.78,0.9948,positive
cv713_29002.txt,0.147,0.071,0.782,0.999,positive
cv226_26692.txt,0.145,0.107,0.748,0.9902,positive
cv561_9484.txt,0.075,0.086,0.839,-0.7574,negative
cv951_11816.txt,0.14,0.114,0.747,0.9753,positive
cv495_16121.txt,0.083,0.08,0.837,0.2773,positive
cv420_28631.txt,0.12,0.098,0.783,0.9552,positive
cv761_13769.txt,0.081,0.193,0.725,-0.9996,negative
cv346_19198.txt,0.13,0.08,0.79,0.9929,positive
cv106_18379.txt,0.071,0.14,0.79,-0.9806,negative
cv389_9611.txt,0.082,0.092,0.826,-0.5994,negative
cv488_21453.txt,0.069,0.172,0.759,-0.9976,negative
cv850_18185.txt,0.062,0.121,0.817,-0.9873,negative
cv129_18373.txt,0.088,0.095,0.817,-0.78,negative
cv436_20564.txt,0.074,0.078,0.848,-0.4469,negative
cv032_23718.txt,0.087,0.119,0.794,-0.9945,negative
cv087_2145.txt,0.104,0.127,0.769,-0.9683,negative
cv075_6250.txt,0.194,0.071,0.735,0.996,positive
cv303_27366.txt,0.122,0.099,0.778,0.9783,positive
cv970_19532.txt,0.153,0.117,0.73,0.99,positive
cv174_9735.txt,0.023,0.106,0.871,-0.9942,negative
cv700_23163.txt,0.113,0.074,0.812,0.9902,positive
cv690_5425.txt,0.056,0.075,0.869,-0.9905,negative
cv781_5358.txt,0.113,0.16,0.727,-0.9944,negative
cv910_21930.txt,0.127,0.146,0.727,-0.9749,negative
cv571_29292.txt,0.138,0.033,0.829,0.999,positive
cv890_3515.txt,0.097,0.075,0.828,0.9815,positive
cv047_18725.txt,0.148,0.102,0.75,0.9938,positive
cv605_12730.txt,0.079,0.071,0.85,0.5821,positive
cv454_21961.txt,0.085,0.136,0.779,-0.995,negative
cv280_8651.txt,0.106,0.029,0.865,0.992,positive
cv869_24782.txt,0.1,0.126,0.774,-0.9773,negative
cv920_29423.txt,0.071,0.076,0.852,-0.2307,negative
cv414_11161.txt,0.115,0.087,0.798,0.9864,positive
cv181_16083.txt,0.064,0.062,0.874,-0.1904,negative
cv433_10443.txt,0.135,0.101,0.764,0.9894,positive
cv693_19147.txt,0.143,0.106,0.752,0.982,positive
cv472_29140.txt,0.123,0.087,0.789,0.99,positive
cv990_12443.txt,0.087,0.095,0.819,0.3951,positive
cv675_22871.txt,0.108,0.136,0.756,-0.9805,negative
cv809_5012.txt,0.069,0.136,0.795,-0.9274,negative
cv232_16768.txt,0.168,0.073,0.759,0.998,positive
cv298_24487.txt,0.126,0.154,0.72,-0.9614,negative
cv787_15277.txt,0.084,0.123,0.793,-0.9985,negative
cv056_14663.txt,0.095,0.115,0.791,-0.845,negative
cv404_21805.txt,0.041,0.208,0.751,-0.9987,negative
cv059_28723.txt,0.144,0.049,0.807,0.9915,positive
cv451_11502.txt,0.108,0.114,0.778,-0.7748,negative
cv029_19943.txt,0.064,0.041,0.895,0.7832,positive
cv016_4348.txt,0.09,0.102,0.808,-0.9216,negative
cv546_12723.txt,0.079,0.083,0.838,-0.5957,negative
cv286_26156.txt,0.134,0.047,0.819,0.9943,positive
cv120_3793.txt,0.145,0.102,0.754,0.9925,positive
cv061_9321.txt,0.125,0.087,0.788,0.994,positive
cv238_14285.txt,0.1,0.082,0.818,0.8447,positive
cv143_21158.txt,0.11,0.041,0.848,0.9887,positive
cv157_29302.txt,0.141,0.053,0.805,0.9953,positive
cv624_11601.txt,0.114,0.039,0.847,0.9948,positive
cv694_4526.txt,0.098,0.073,0.83,0.8771,positive
cv757_10668.txt,0.136,0.151,0.713,-0.9391,negative
cv950_13478.txt,0.102,0.092,0.806,0.9784,positive
cv562_10847.txt,0.089,0.119,0.792,-0.9822,negative
cv608_24647.txt,0.067,0.101,0.832,-0.979,negative
cv241_24602.txt,0.103,0.15,0.747,-0.9903,negative
cv746_10471.txt,0.132,0.085,0.784,0.9987,positive
cv889_22670.txt,0.111,0.086,0.803,0.9641,positive
cv315_12638.txt,0.114,0.138,0.748,-0.9905,negative
cv829_21725.txt,0.131,0.121,0.748,0.7868,positive
cv202_11382.txt,0.115,0.131,0.754,-0.977,negative
cv796_17243.txt,0.143,0.057,0.8,0.9971,positive
cv071_12969.txt,0.094,0.093,0.813,-0.8146,negative
cv082_11979.txt,0.04,0.123,0.837,-0.9862,negative
cv870_18090.txt,0.083,0.075,0.841,0.6184,positive
cv043_16808.txt,0.136,0.079,0.785,0.9639,positive
cv391_11615.txt,0.153,0.053,0.794,0.9985,positive
cv380_8164.txt,0.147,0.089,0.764,0.9912,positive
cv997_5152.txt,0.108,0.058,0.835,0.9778,positive
cv998_15691.txt,0.127,0.107,0.766,0.9095,positive
cv512_17618.txt,0.124,0.128,0.748,-0.6045,negative
cv640_5380.txt,0.125,0.089,0.786,0.9659,positive
cv550_23226.txt,0.113,0.071,0.817,0.9903,positive
cv548_18944.txt,0.104,0.122,0.774,-0.9361,negative
cv701_15880.txt,0.108,0.066,0.826,0.9861,positive
cv954_19932.txt,0.127,0.116,0.756,0.9335,positive
cv019_16117.txt,0.108,0.094,0.798,0.7589,positive
cv039_5963.txt,0.119,0.08,0.801,0.9806,positive
cv626_7907.txt,0.123,0.109,0.768,0.9777,positive
cv689_13701.txt,0.112,0.15,0.738,-0.9847,negative
cv117_25625.txt,0.072,0.065,0.863,0.3142,positive
cv518_14798.txt,0.122,0.08,0.798,0.984,positive
cv154_9562.txt,0.091,0.132,0.777,-0.9934,negative
cv148_18084.txt,0.094,0.109,0.797,-0.9079,negative
cv428_12202.txt,0.063,0.142,0.795,-0.9997,negative
cv177_10904.txt,0.06,0.013,0.927,0.7391,positive
cv337_29061.txt,0.103,0.179,0.718,-0.9954,negative
cv374_26455.txt,0.07,0.112,0.818,-0.9758,negative
cv357_14710.txt,0.138,0.083,0.778,0.9715,positive
cv169_24973.txt,0.131,0.105,0.763,0.9132,positive
cv727_5006.txt,0.068,0.058,0.874,0.8213,positive
cv861_12809.txt,0.124,0.05,0.826,0.9679,positive
cv955_26154.txt,0.063,0.223,0.714,-0.9981,negative
cv982_22209.txt,0.076,0.105,0.819,-0.9634,negative
cv880_29629.txt,0.13,0.065,0.804,0.9845,positive
cv792_3257.txt,0.109,0.151,0.74,-0.9669,negative
cv325_18330.txt,0.13,0.108,0.762,0.9455,positive
cv741_12765.txt,0.14,0.109,0.751,0.9714,positive
cv263_20693.txt,0.119,0.106,0.775,0.8899,positive
cv539_21865.txt,0.099,0.117,0.784,-0.9704,negative
cv299_17950.txt,0.104,0.103,0.793,-0.0132,neutral
cv400_20631.txt,0.167,0.105,0.728,0.9916,positive
cv825_5168.txt,0.102,0.034,0.864,0.9911,positive
cv597_26744.txt,0.13,0.113,0.758,0.9821,positive
cv716_11153.txt,0.146,0.087,0.767,0.983,positive
cv996_12447.txt,0.113,0.079,0.808,0.9909,positive
cv220_28906.txt,0.083,0.121,0.796,-0.9751,negative
cv820_24157.txt,0.151,0.099,0.75,0.9925,positive
cv272_20313.txt,0.184,0.117,0.699,0.997,positive
cv682_17947.txt,0.098,0.088,0.814,0.8792,positive
cv685_5710.txt,0.157,0.045,0.798,0.9978,positive
cv978_22192.txt,0.12,0.091,0.788,0.9828,positive
cv248_15672.txt,0.053,0.193,0.754,-0.9919,negative
cv233_17614.txt,0.125,0.139,0.736,-0.9235,negative
cv647_15275.txt,0.098,0.103,0.799,-0.83,negative
cv698_16930.txt,0.08,0.063,0.856,0.9635,positive
cv194_12855.txt,0.107,0.074,0.819,0.9587,positive
cv806_9405.txt,0.114,0.055,0.831,0.9677,positive
cv193_5393.txt,0.129,0.09,0.782,0.9682,positive
cv405_21868.txt,0.156,0.124,0.72,0.9536,positive
cv707_11421.txt,0.083,0.126,0.791,-0.9723,negative
cv072_5928.txt,0.099,0.164,0.738,-0.9971,negative
cv808_13773.txt,0.116,0.078,0.806,0.9575,positive
cv147_22625.txt,0.119,0.1,0.78,0.9424,positive
cv892_18788.txt,0.142,0.073,0.785,0.9966,positive
cv267_16618.txt,0.088,0.124,0.789,-0.9792,negative
cv441_15276.txt,0.197,0.071,0.731,0.9996,positive
cv259_11827.txt,0.094,0.113,0.794,-0.976,negative
cv161_12224.txt,0.094,0.067,0.839,0.96,positive
cv896_17819.txt,0.147,0.116,0.736,0.9769,positive
cv424_9268.txt,0.085,0.073,0.842,0.9462,positive
cv908_17779.txt,0.112,0.088,0.8,0.9856,positive
cv639_10797.txt,0.091,0.088,0.82,0.6901,positive
cv338_9183.txt,0.105,0.135,0.76,-0.9934,negative
cv907_3193.txt,0.125,0.059,0.816,0.9948,positive
cv574_23191.txt,0.141,0.081,0.778,0.9981,positive
cv596_4367.txt,0.137,0.12,0.743,0.777,positive
cv477_23530.txt,0.073,0.164,0.763,-0.9744,negative
cv080_14899.txt,0.118,0.124,0.759,-0.8428,negative
cv385_29621.txt,0.112,0.098,0.79,0.6061,positive
cv239_29828.txt,0.068,0.024,0.909,0.9428,positive
cv246_28668.txt,0.149,0.074,0.777,0.9968,positive
cv069_11613.txt,0.057,0.097,0.846,-0.9932,negative
cv079_12766.txt,0.079,0.083,0.838,-0.887,negative
cv152_9052.txt,0.115,0.096,0.79,0.9502,positive
cv672_27988.txt,0.157,0.081,0.762,0.9898,positive
cv606_17672.txt,0.101,0.044,0.855,0.9909,positive
cv419_14799.txt,0.101,0.069,0.83,0.9839,positive
cv321_14191.txt,0.097,0.085,0.818,0.9453,positive
cv917_29484.txt,0.132,0.077,0.791,0.9908,positive
cv555_25047.txt,0.084,0.075,0.84,-0.5446,negative
cv008_29326.txt,0.051,0.08,0.869,-0.9147,negative
cv927_11471.txt,0.116,0.063,0.821,0.9953,positive
cv231_11028.txt,0.113,0.088,0.799,0.9906,positive
cv160_10848.txt,0.09,0.115,0.795,-0.9611,negative
cv953_7078.txt,0.095,0.125,0.781,-0.9724,negative
cv457_19546.txt,0.066,0.097,0.838,-0.9753,negative
cv237_20635.txt,0.141,0.09,0.769,0.9882,positive
cv042_11927.txt,0.086,0.027,0.887,0.9844,positive
cv742_8279.txt,0.126,0.074,0.8,0.986,positive
cv629_16604.txt,0.061,0.126,0.813,-0.9932,negative
cv783_14724.txt,0.078,0.133,0.789,-0.975,negative
cv993_29565.txt,0.12,0.056,0.825,0.9627,positive
cv935_24977.txt,0.09,0.114,0.795,-0.9597,negative
cv387_12391.txt,0.097,0.092,0.811,0.3963,positive
cv972_26837.txt,0.083,0.071,0.846,0.9416,positive
cv103_11943.txt,0.146,0.066,0.788,0.9979,positive
cv142_23657.txt,0.105,0.04,0.855,0.9913,positive
cv306_10859.txt,0.121,0.099,0.78,0.9722,positive
cv995_23113.txt,0.079,0.093,0.827,-0.984,negative
cv274_26379.txt,0.147,0.13,0.723,0.974,positive
cv949_21565.txt,0.12,0.141,0.739,-0.9849,negative
cv576_15688.txt,0.06,0.088,0.852,-0.9855,negative
cv721_28993.txt,0.088,0.065,0.847,0.7757,positive
cv508_17742.txt,0.098,0.089,0.813,0.0913,positive
cv104_19176.txt,0.102,0.113,0.785,-0.7267,negative
cv709_11173.txt,0.118,0.092,0.79,0.9314,positive
cv723_9002.txt,0.126,0.1,0.774,0.9609,positive
cv794_17353.txt,0.102,0.102,0.796,-0.2229,negative
cv985_5964.txt,0.146,0.051,0.803,0.9977,positive
cv879_16585.txt,0.064,0.153,0.783,-0.9946,negative
cv831_16325.txt,0.11,0.084,0.806,0.9791,positive
cv020_9234.txt,0.096,0.098,0.806,0.4086,positive
cv785_23748.txt,0.077,0.06,0.862,0.8944,positive
cv275_28725.txt,0.118,0.049,0.834,0.9959,positive
cv842_5702.txt,0.16,0.087,0.753,0.9975,positive
cv543_5107.txt,0.147,0.061,0.793,0.9921,positive
cv532_6495.txt,0.146,0.091,0.763,0.9516,positive
cv187_14112.txt,0.123,0.094,0.782,0.9905,positive
cv011_13044.txt,0.157,0.076,0.768,0.9959,positive
cv450_8319.txt,0.06,0.089,0.851,-0.1567,negative
cv247_14668.txt,0.06,0.032,0.908,0.8432,positive
cv236_12427.txt,0.167,0.117,0.716,0.9898,positive
cv827_19479.txt,0.108,0.063,0.829,0.9419,positive
cv658_11186.txt,0.16,0.059,0.781,0.9966,positive
cv712_24217.txt,0.087,0.077,0.836,0.9114,positive
cv582_6678.txt,0.071,0.104,0.825,-0.9397,negative
cv030_22893.txt,0.133,0.113,0.754,0.9189,positive
cv094_27868.txt,0.105,0.071,0.823,0.9842,positive
cv786_23608.txt,0.168,0.116,0.716,0.9629,positive
cv151_17231.txt,0.106,0.076,0.818,0.9423,positive
cv364_14254.txt,0.128,0.144,0.729,-0.9739,negative
cv276_17126.txt,0.073,0.066,0.862,0.688,positive
cv945_13012.txt,0.097,0.114,0.789,-0.9374,negative
cv767_15673.txt,0.087,0.085,0.828,-0.3616,negative
cv167_18094.txt,0.071,0.057,0.872,0.7952,positive
cv149_17084.txt,0.17,0.066,0.764,0.9975,positive
cv158_10914.txt,0.09,0.103,0.807,-0.8845,negative
cv334_0074.txt,0.078,0.065,0.857,0.9237,positive
cv956_12547.txt,0.107,0.089,0.804,0.9708,positive
cv589_12853.txt,0.079,0.135,0.786,-0.9913,negative
cv680_10533.txt,0.13,0.17,0.701,-0.9935,negative
cv474_10682.txt,0.089,0.109,0.803,-0.925,negative
cv354_8573.txt,0.084,0.045,0.87,0.8931,positive
cv834_23192.txt,0.104,0.061,0.835,0.9961,positive
cv649_13947.txt,0.106,0.09,0.804,0.9194,positive
cv108_17064.txt,0.076,0.104,0.82,-0.9778,negative
cv268_20288.txt,0.094,0.105,0.801,-0.4859,negative
cv126_28821.txt,0.127,0.082,0.79,0.9921,positive
cv912_5562.txt,0.093,0.074,0.833,0.9828,positive
cv791_17995.txt,0.116,0.12,0.764,-0.8014,negative
cv311_17708.txt,0.105,0.055,0.84,0.9874,positive
cv521_1730.txt,0.161,0.068,0.77,0.9964,positive
cv697_12106.txt,0.158,0.05,0.792,0.9983,positive
cv256_16529.txt,0.107,0.143,0.75,-0.9965,negative
cv463_10846.txt,0.131,0.08,0.788,0.976,positive
cv780_8467.txt,0.085,0.172,0.743,-0.9951,negative
cv406_22199.txt,0.143,0.096,0.761,0.9868,positive
cv715_19246.txt,0.11,0.098,0.792,-0.3169,negative
cv456_20370.txt,0.109,0.093,0.798,0.923,positive
cv545_12848.txt,0.078,0.086,0.836,-0.7525,negative
cv728_17931.txt,0.087,0.159,0.754,-0.9937,negative
cv224_18875.txt,0.091,0.142,0.767,-0.9874,negative
cv586_8048.txt,0.086,0.142,0.772,-0.9977,negative
cv397_28890.txt,0.091,0.106,0.803,-0.9128,negative
cv984_14006.txt,0.079,0.068,0.853,0.6037,positive
cv934_20426.txt,0.076,0.098,0.826,-0.9568,negative
cv578_16825.txt,0.058,0.071,0.871,-0.3597,negative
cv575_22598.txt,0.063,0.089,0.848,-0.9581,negative
cv737_28733.txt,0.145,0.101,0.754,0.9725,positive
cv057_7962.txt,0.087,0.102,0.811,-0.6906,negative
cv631_4782.txt,0.091,0.09,0.819,0.6047,positive
cv221_27081.txt,0.075,0.096,0.829,-0.9606,negative
cv262_13812.txt,0.123,0.053,0.825,0.983,positive
cv446_12209.txt,0.044,0.04,0.916,0.5659,positive
cv013_10494.txt,0.143,0.082,0.775,0.997,positive
cv095_28730.txt,0.093,0.097,0.809,-0.7143,negative
cv833_11961.txt,0.073,0.101,0.826,-0.9422,negative
cv856_28882.txt,0.091,0.13,0.779,-0.9715,negative
cv215_23246.txt,0.085,0.129,0.786,-0.9858,negative
cv812_19051.txt,0.103,0.119,0.778,-0.8961,negative
cv875_5622.txt,0.161,0.093,0.746,0.8878,positive
cv573_29384.txt,0.094,0.056,0.85,0.895,positive
cv281_24711.txt,0.125,0.192,0.683,-0.9988,negative
cv348_19207.txt,0.121,0.129,0.749,-0.96,negative
cv734_22821.txt,0.102,0.096,0.803,0.5552,positive
cv253_10190.txt,0.128,0.138,0.734,-0.877,negative
cv636_16954.txt,0.177,0.07,0.753,0.9987,positive
cv957_9059.txt,0.079,0.081,0.84,-0.3226,negative
cv145_12239.txt,0.094,0.104,0.802,-0.4571,negative
cv332_17997.txt,0.061,0.123,0.816,-0.9896,negative
cv802_28381.txt,0.069,0.135,0.796,-0.9834,negative
cv026_29229.txt,0.104,0.085,0.811,0.8303,positive
cv810_13660.txt,0.068,0.127,0.804,-0.9945,negative
cv229_15200.txt,0.225,0.085,0.69,0.9983,positive
cv014_15600.txt,0.081,0.101,0.817,-0.9531,negative
cv439_17633.txt,0.074,0.032,0.894,0.9743,positive
cv422_9632.txt,0.133,0.077,0.79,0.9912,positive
cv900_10800.txt,0.093,0.064,0.843,0.9283,positive
cv530_17949.txt,0.145,0.106,0.75,0.9815,positive
cv455_28866.txt,0.125,0.133,0.742,-0.4237,negative
cv204_8930.txt,0.08,0.118,0.802,-0.9878,negative
cv453_10911.txt,0.098,0.08,0.822,0.9703,positive
cv625_13518.txt,0.081,0.071,0.849,0.8862,positive
cv805_21128.txt,0.082,0.079,0.84,-0.2309,negative
cv471_18405.txt,0.092,0.073,0.835,0.6307,positive
cv961_5578.txt,0.084,0.044,0.872,0.9344,positive
cv425_8603.txt,0.067,0.127,0.807,-0.9975,negative
cv637_13682.txt,0.11,0.132,0.758,-0.9872,negative
cv826_12761.txt,0.103,0.109,0.788,-0.9304,negative
cv251_23901.txt,0.113,0.078,0.809,0.9901,positive
cv788_26409.txt,0.117,0.077,0.806,0.9954,positive
cv300_23302.txt,0.106,0.116,0.778,-0.9435,negative
cv567_29420.txt,0.11,0.108,0.781,-0.3886,negative
cv799_19812.txt,0.11,0.128,0.762,-0.9877,negative
cv222_18720.txt,0.078,0.076,0.847,0.803,positive
cv769_8565.txt,0.11,0.095,0.795,0.9359,positive
cv552_0150.txt,0.098,0.153,0.749,-0.9973,negative
cv644_18551.txt,0.128,0.1,0.772,0.9028,positive
cv540_3092.txt,0.111,0.075,0.814,0.9863,positive
cv066_11668.txt,0.118,0.097,0.785,0.9651,positive
cv153_11607.txt,0.087,0.124,0.789,-0.9689,negative
cv991_19973.txt,0.062,0.086,0.852,-0.977,negative
cv852_27512.txt,0.065,0.063,0.871,-0.3032,negative
cv173_4295.txt,0.094,0.167,0.739,-0.9872,negative
cv365_12442.txt,0.088,0.071,0.841,0.9586,positive
cv214_13285.txt,0.132,0.149,0.72,-0.9368,negative
cv077_23172.txt,0.114,0.057,0.829,0.9916,positive
cv459_21834.txt,0.091,0.076,0.833,0.7611,positive
cv620_2556.txt,0.11,0.096,0.794,0.9137,positive
cv673_25874.txt,0.108,0.129,0.762,-0.9725,negative
cv722_7571.txt,0.139,0.068,0.793,0.9935,positive
cv992_12806.txt,0.133,0.07,0.798,0.9965,positive
cv733_9891.txt,0.123,0.101,0.777,0.9649,positive
cv807_23024.txt,0.091,0.153,0.756,-0.9991,negative
cv511_10360.txt,0.126,0.065,0.809,0.9985,positive
cv118_28837.txt,0.107,0.088,0.805,0.9533,positive
cv942_18509.txt,0.106,0.124,0.77,-0.9058,negative
cv577_28220.txt,0.141,0.105,0.754,0.9741,positive
cv898_1576.txt,0.091,0.144,0.765,-0.9845,negative
cv598_18184.txt,0.108,0.092,0.8,0.9182,positive
cv083_25491.txt,0.123,0.116,0.761,-0.2157,negative
cv290_11981.txt,0.133,0.104,0.763,0.9573,positive
cv678_14887.txt,0.094,0.025,0.881,0.9625,positive
cv135_12506.txt,0.131,0.074,0.796,0.9909,positive
cv588_14467.txt,0.103,0.049,0.847,0.9657,positive
cv654_19345.txt,0.111,0.094,0.795,0.9782,positive
cv018_21672.txt,0.157,0.081,0.762,0.9926,positive
cv048_18380.txt,0.101,0.173,0.726,-0.9926,negative
cv207_29141.txt,0.121,0.131,0.748,-0.9152,negative
cv096_12262.txt,0.164,0.089,0.747,0.9957,positive
cv516_12117.txt,0.128,0.095,0.777,0.9803,positive
cv369_14245.txt,0.134,0.1,0.766,0.9872,positive
cv345_9966.txt,0.135,0.099,0.767,0.9869,positive
cv695_22268.txt,0.077,0.177,0.745,-0.9978,negative
cv484_26169.txt,0.139,0.13,0.731,0.2568,positive
cv339_22452.txt,0.101,0.118,0.781,-0.8555,negative
cv001_19502.txt,0.074,0.034,0.892,0.8996,positive
cv163_10110.txt,0.112,0.051,0.837,0.9938,positive
cv581_20790.txt,0.128,0.14,0.732,-0.9017,negative
cv277_20467.txt,0.136,0.18,0.685,-0.983,negative
cv358_11557.txt,0.076,0.081,0.844,-0.4404,negative
cv469_21998.txt,0.089,0.112,0.8,-0.9891,negative
cv642_29788.txt,0.114,0.079,0.807,0.9506,positive
cv976_10724.txt,0.131,0.05,0.819,0.9945,positive
cv244_22935.txt,0.091,0.104,0.805,-0.9499,negative
cv058_8469.txt,0.138,0.065,0.797,0.9669,positive
cv307_26382.txt,0.13,0.105,0.764,0.9774,positive
cv305_9937.txt,0.023,0.047,0.93,-0.7522,negative
cv355_18174.txt,0.078,0.084,0.839,-0.4318,negative
cv772_12971.txt,0.083,0.085,0.832,-0.3952,negative
cv750_10606.txt,0.118,0.092,0.79,0.914,positive
cv243_22164.txt,0.09,0.101,0.809,-0.978,negative
cv764_12701.txt,0.133,0.067,0.8,0.9828,positive
cv674_11593.txt,0.139,0.035,0.827,0.985,positive
cv980_11851.txt,0.116,0.123,0.762,-0.8427,negative
cv351_17029.txt,0.068,0.111,0.821,-0.9823,negative
cv111_12253.txt,0.105,0.093,0.803,0.927,positive
cv551_11214.txt,0.113,0.078,0.809,0.9931,positive
cv402_16097.txt,0.123,0.107,0.771,0.7405,positive
cv871_25971.txt,0.116,0.15,0.734,-0.9972,negative
cv878_17204.txt,0.119,0.074,0.807,0.9909,positive
cv989_17297.txt,0.08,0.147,0.773,-0.993,negative
cv719_5581.txt,0.128,0.095,0.777,0.9889,positive
cv084_15183.txt,0.093,0.114,0.793,-0.9217,negative
cv188_20687.txt,0.1,0.102,0.799,-0.8945,negative
cv766_7983.txt,0.118,0.139,0.743,-0.9922,negative
cv857_17527.txt,0.109,0.03,0.861,0.885,positive
cv340_14776.txt,0.08,0.12,0.8,-0.92,negative
cv872_13710.txt,0.145,0.162,0.693,-0.9777,negative
cv771_28466.txt,0.113,0.137,0.751,-0.9814,negative
cv230_7913.txt,0.142,0.097,0.761,0.9952,positive
cv559_0057.txt,0.103,0.085,0.812,0.9166,positive
cv266_26644.txt,0.076,0.108,0.816,-0.9523,negative
cv125_9636.txt,0.102,0.117,0.782,-0.9226,negative
cv566_8967.txt,0.072,0.123,0.805,-0.9937,negative
cv628_20758.txt,0.106,0.083,0.811,0.9811,positive
cv218_25651.txt,0.138,0.066,0.796,0.9692,positive
cv353_19197.txt,0.092,0.128,0.781,-0.99,negative
cv417_14653.txt,0.16,0.114,0.726,0.9905,positive
cv999_14636.txt,0.126,0.062,0.811,0.9935,positive
cv265_11625.txt,0.095,0.123,0.782,-0.9928,negative
cv462_20788.txt,0.133,0.101,0.766,0.9752,positive
cv093_15606.txt,0.05,0.056,0.895,-0.3277,negative
cv897_11703.txt,0.099,0.067,0.834,0.9548,positive
cv899_17812.txt,0.099,0.091,0.811,0.4103,positive
cv068_14810.txt,0.095,0.15,0.755,-0.9893,negative
cv536_27221.txt,0.088,0.105,0.808,-0.9613,negative
cv568_17065.txt,0.1,0.089,0.811,0.9191,positive
cv940_18935.txt,0.081,0.074,0.845,-0.5154,negative
cv399_28593.txt,0.091,0.109,0.8,-0.9296,negative
cv438_8500.txt,0.077,0.159,0.764,-0.9969,negative
cv683_13047.txt,0.121,0.093,0.786,0.9807,positive
cv211_9955.txt,0.159,0.107,0.734,0.987,positive
cv663_14484.txt,0.092,0.111,0.797,-0.9398,negative
cv662_14791.txt,0.101,0.174,0.724,-0.9892,negative
cv245_8938.txt,0.074,0.1,0.825,-0.9709,negative
cv116_28734.txt,0.138,0.06,0.802,0.9943,positive
cv594_11945.txt,0.112,0.08,0.808,0.9891,positive
